166
150
160
122
135
147
115
136
135
142
472
116
98
182
120
127
169
181
263
222
230
176
151
107
117
126
263
85
192
209
219
116
352
261
229
178
160
131
88
137
137
161
265
145
107
182
225
139
108
148
162
160
201
195
201
169
126
151
136
179
130
111
397
251
182
276
445
399
296
361
291
159
173
147
182
288
257
381
160
236
150
143
194
295
387
274
269
187
254
155
205
476
299
233
223
188
249
216
177
398
369
168
252
168
147
166
303
113
132
325
154
255
165
182
1120
122
215
122
245
262
159
156
265
183
224
196
229
179
273
127
157
121
111
120
112
149
179
154
165
142
123
155
148
173
157
147
209
630
213
140
103
117
142
165
144
191
191
99
138
208
160
97
169
327
386
272
135
119
139
192
525
1687
206
136
307
206
216
512
251
407
125
147
121
123
170
242
948
233
455
206
198
247
437
320
405
184
121
129
127
124
151
147
190
144
163
297
195
240
445
197
164
142
150
166
192
316
190
139
138
167
153
174
158
200
224
641
138
178
176
171
129
133
120
130
187
155
196
167
133
83
236
110
90
229
126
238
228
136
171
196
136
159
359
126
174
158
105
156
135
186
90
172
112
167
199
265
311
277
291
307
197
255
279
173
247
200
263
290
508
1241
354
243
231
258
232
780
272
341
299
541
274
719
548
224
249
194
251
513
230
270
252
234
272
180
407
336
341
1036
322
212
421
175
168
133
136
120
410
443
532
346
353
268
170
234
209
162
215
188
148
175
197
187
286
451
313
245
184
711
283
237
263
307
1016
228
171
375
357
495
315
258
196
233
345
510
321
351
393
193
195
119
132
189
226
194
228
131
197
562
405
160
398
143
339
281
262
243
181
157
213
159
157
146
224
167
112
184
142
124
161
168
110
148
100
129
107
140
111
118
158
311
115
104
134
181
269
204
160
326
248
226
168
153
104
174
178
112
143
113
112
113
96
146
119
638
250
236
114
111
107
97
129
118
139
101
145
577
208
122
103
144
207
125
116
157
122
154
137
180
238
567
119
111
121
181
205
209
194
197
194
170
144
111
148
158
148
122
183
142
199
108
123
158
223
283
360
151
217
510
527
296
232
130
159
133
124
154
118
163
117
299
229
280
138
139
207
190
163
325
160
201
166
209
130
192
153
88
132
132
188
144
190
135
116
273
140
131
152
117
166
182
235
683
183
172
166
161
159
178
137
89
168
140
135
190
379
139
127
110
194
132
127
155
141
160
94
89
161
127
538
140
247
154
256
219
154
323
199
166
151
208
221
254
180
133
142
155
155
172
127
196
216
482
198
156
257
147
256
573
317
322
138
136
133
216
187
136
102
115
91
199
272
492
223
190
222
125
100
168
246
163
127
110
116
135
97
121
169
438
123
182
208
172
103
475
620
265
268
208
321
318
204
208
218
181
229
438
167
176
133
140
148
146
322
399
173
130
146
173
170
505
130
184
179
159
227
191
152
260
164
146
206
351
173
171
374
266
176
177
162
494
306
175
200
123
155
204
244
1761
204
164
135
200
127
125
146
117
103
146
118
118
141
144
155
185
91
150
186
188
149
244
205
170
250
247
256
297
309
391
199
278
132
140
140
150
186
262
194
174
525
155
179
147
159
139
138
143
120
123
226
150
143
152
125
250
198
178
173
183
164
202
191
178
155
128
321
314
506
4039
143
189
207
168
128
165
117
112
111
104
110
117
144
127
145
235
209
212
197
516
192
226
370
147
297
290
197
149
279
311
287
192
130
137
148
154
808
1313
858
547
304
223
308
151
127
188
432
287
777
323
161
121
173
236
201
116
128
694
155
186
147
147
133
100
156
274
161
108
231
189
123
262
208
164
732
188
132
123
203
175
180
157
168
175
427
385
212
356
143
80
166
128
144
130
107
143
113
131
154
274
239
184
206
835
250
144
125
115
146
111
82
183
422
192
175
1196
159
110
115
107
77
94
103
115
105
106
133
132
177
118
93
277
114
127
504
360
129
117
153
279
426
211
277
266
137
118
249
140
268
111
130
148
111
127
217
250
1132
149
119
144
107
122
121
97
142
105
144
110
155
132
145
202
108
381
144
161
209
184
121
167
262
216
215
216
392
715
306
147
180
221
165
147
145
184
141
141
284
303
180
300
783
421
423
225
388
457
155
269
175
248
376
643
253
356
324
294
175
261
222
153
252
197
172
170
200
142
249
279
341
156
121
145
257
282
255
426
147
120
114
122
309
172
137
178
184
420
428
401
437
364
129
218
424
289
299
448
163
487
644
193
164
142
121
109
197
180
178
125
97
127
88
188
307
177
210
690
165
212
229
127
134
147
160
145
249
146
141
107
116
97
93
121
109
105
109
110
107
156
201
142
98
146
716
386
98
150
198
121
132
133
235
154
203
143
143
104
95
137
90
110
96
106
114
200
150
133
125
179
136
173
128
127
192
247
298
308
2838
296
526
116
110
163
149
120
228
130
252
464
153
557
312
191
189
632
683
505
573
598
2192
223
164
225
195
228
264
188
140
143
91
163
112
245
198
236
196
195
547
549
287
341
366
418
827
305
259
238
237
153
192
134
114
141
102
118
97
110
108
103
113
114
143
153
352
114
187
583
745
153
185
178
118
286
197
280
193
297
175
149
126
128
142
187
106
104
87
115
127
122
136
184
257
184
174
766
179
110
156
160
147
97
130
169
152
144
216
177
146
142
129
97
108
108
120
184
229
103
102
120
95
214
125
258
181
159
220
120
139
149
143
194
268
114
200
211
307
194
339
201
119
236
605
140
405
175
184
160
283
195
107
120
117
260
222
246
114
125
112
99
94
153
136
264
266
112
117
108
120
123
367
222
172
109
125
113
114
325
349
210
160
150
102
976
256
1912
199
142
338
177
189
153
322
468
185
117
164
141
177
365
267
213
299
266
457
249
321
401
101
115
110
118
146
258
233
185
147
129
135
264
286
379
344
189
231
197
174
145
210
447
299
253
242
394
166
488
173
162
159
162
192
267
249
188
164
104
223
164
168
246
245
488
196
165
180
137
213
395
214
174
156
273
180
266
261
480
392
469
471
1055
405
374
186
190
251
605
1295
139
141
452
156
208
521
275
238
179
201
118
187
511
247
185
285
1667
222
147
209
145
101
100
137
232
239
114
206
106
134
171
184
736
133
196
125
90
98
156
188
101
134
90
112
123
115
148
324
150
125
149
276
155
150
270
173
206
339
171
239
204
149
117
117
98
100
124
176
109
156
108
125
104
95
138
153
114
90
108
121
122
238
128
146
156
181
213
144
484
242
238
262
166
456
843
677
1116
145
147
171
139
105
130
198
152
121
90
129
127
85
170
147
174
148
89
148
97
121
108
235
221
119
104
144
270
162
200
162
162
203
170
208
209
256
257
257
146
187
419
200
127
230
142
419
325
493
286
110
200
2045
137
102
87
111
102
122
123
193
130
182
150
118
122
96
142
181
150
91
106
109
111
312
216
141
114
147
148
194
141
206
139
268
137
162
148
202
169
189
135
131
91
153
115
94
78
94
134
112
140
119
98
156
102
148
165
172
207
190
172
367
166
1913
280
204
169
167
336
179
248
315
232
143
347
183
331
156
192
200
711
147
713
203
305
202
222
376
182
156
135
131
148
133
118
133
123
166
242
239
144
159
215
160
109
171
151
317
497
502
142
190
166
108
113
149
130
185
99
248
224
154
168
129
332
128
107
129
1292
80
143
116
89
105
87
101
69
73
154
132
93
168
347
127
150
106
160
167
164
352
213
118
111
126
110
115
137
118
204
215
143
97
142
80
93
85
86
150
120
124
103
136
195
426
134
126
263
190
195
178
203
201
542
137
290
231
265
450
414
152
304
184
114
214
231
274
136
157
255
268
299
117
447
135
192
104
233
151
130
142
155
156
708
206
195
188
106
90
175
118
105
128
172
214
114
145
173
116
210
135
118
262
107
147
106
181
119
369
111
189
108
118
129
124
98
97
118
191
211
249
194
299
135
215
328
134
277
200
151
103
131
175
182
132
209
183
194
171
259
153
201
171
241
216
182
183
221
225
219
171
360
142
187
155
142
682
185
112
347
105
202
235
162
136
268
282
965
532
1017
275
495
231
232
120
102
105
98
95
101
196
145
139
131
161
108
131
181
108
132
101
97
122
142
140
178
201
171
131
280
204
163
373
438
245
118
118
113
159
142
136
107
151
271
178
250
198
476
342
198
212
91
135
115
100
86
110
123
81
114
370
253
158
254
268
224
125
502
186
210
170
217
217
282
227
263
300
410
590
267
148
169
399
227
114
113
112
352
341
587
210
507
291
350
708
162
236
255
246
359
310
166
130
119
113
114
115
134
125
103
116
130
104
132
103
107
133
109
100
102
99
127
119
82
118
142
160
113
134
145
103
149
344
126
173
151
118
271
1060
1014
648
177
209
232
122
155
212
138
195
211
153
172
154
153
156
139
134
200
209
228
215
205
410
177
156
732
156
123
134
323
118
115
540
599
606
190
119
161
190
131
105
107
187
111
120
110
111
118
91
98
112
139
120
116
185
120
158
119
287
129
107
104
90
89
176
184
99
157
617
180
88
145
164
207
100
117
134
127
108
84
327
212
159
140
182
173
139
142
231
447
240
265
181
215
136
331
147
142
103
121
200
169
227
125
110
121
110
116
439
165
158
125
138
87
92
108
109
107
98
108
106
120
126
120
128
155
411
190
273
164
125
427
106
290
87
123
137
93
145
517
321
348
698
258
171
360
762
189
149
154
380
94
96
99
102
118
91
136
335
112
191
407
112
166
115
94
91
116
134
123
166
282
275
92
189
242
303
322
399
273
1023
436
600
573
169
352
156
160
192
183
166
413
666
616
363
307
161
330
162
129
91
102
99
95
89
91
130
325
201
140
131
217
124
195
147
153
210
167
203
228
207
94
171
135
334
147
151
681
115
145
1234
149
163
113
145
154
164
85
112
159
99
126
121
164
123
117
117
88
110
92
108
91
100
102
109
101
92
122
116
220
106
183
192
128
199
108
130
110
117
115
84
88
119
114
115
108
128
176
258
391
256
147
371
297
290
220
172
156
146
127
102
1240
831
235
158
154
146
232
103
242
149
138
150
217
397
87
89
162
112
134
91
151
195
189
216
258
157
313
148
94
97
121
114
186
124
94
135
109
107
110
132
206
189
179
107
142
96
139
106
181
113
109
111
123
84
108
128
306
120
157
175
127
101
181
132
101
166
133
139
136
102
119
93
271
180
95
96
92
98
167
83
104
105
98
99
75
94
98
99
110
158
177
195
143
130
125
146
141
152
143
122
112
79
138
117
113
89
120
113
101
106
181
85
93
98
107
115
166
98
104
101
92
86
106
68
79
86
74
106
78
107
106
114
99
168
86
121
123
210
155
149
205
154
102
155
109
103
116
85
101
104
100
119
106
94
93
109
336
91
144
74
103
101
89
353
181
137
131
113
105
128
100
130
106
80
108
86
63
100
134
106
128
78
200
135
246
128
110
155
250
295
280
437
172
111
238
178
146
143
186
265
269
288
183
160
144
163
254
576
193
189
2820
203
100
108
104
114
112
172
120
138
106
119
94
110
216
149
130
112
99
113
123
111
161
91
98
123
133
191
152
137
491
110
379
207
204
232
197
191
133
78
89
96
101
121
124
233
198
177
119
109
164
261
200
686
623
379
252
173
172
246
498
160
1548
408
187
171
125
127
117
83
98
107
103
105
108
161
145
96
103
88
94
84
123
127
156
257
163
106
121
100
87
135
131
102
112
85
88
71
179
126
142
135
102
160
136
97
124
90
87
133
107
92
277
110
119
93
149
128
164
126
103
86
101
83
104
120
105
119
147
66
172
127
126
126
123
166
192
269
229
103
136
115
98
129
115
125
225
178
183
137
155
158
249
1497
170
166
166
203
187
170
99
128
132
193
120
99
74
117
108
106
112
76
74
78
107
94
92
79
94
129
102
115
127
143
144
125
128
138
164
949
93
114
127
102
160
154
267
309
141
498
321
348
200
148
158
172
158
185
130
117
132
277
97
117
75
114
115
108
79
111
104
77
103
104
58
130
112
131
177
130
145
167
128
188
168
325
207
220
436
464
688
276
194
197
164
255
307
226
190
316
132
123
105
498
140
86
84
166
113
141
126
121
134
136
141
128
147
120
156
204
207
148
370
1610
325
240
127
82
96
95
153
95
90
85
83
89
92
126
121
115
94
120
107
100
88
100
114
86
169
110
104
216
144
155
190
170
174
373
183
111
144
124
117
107
121
105
110
122
143
106
83
76
100
88
81
87
77
85
83
94
88
100
72
104
83
107
109
91
120
188
131
165
84
202
115
285
137
129
115
120
118
114
99
95
127
125
99
102
126
97
227
79
138
95
113
91
106
87
99
98
122
150
146
182
605
856
143
214
102
137
79
81
117
106
109
116
4253
126
266
156
158
169
175
210
143
114
149
113
109
91
229
149
111
109
121
89
135
100
232
163
140
119
86
120
120
87
78
117
95
159
83
156
122
73
86
127
104
105
97
142
165
127
139
123
295
114
118
95
81
134
74
103
182
177
120
97
248
145
174
137
131
115
100
123
106
81
94
129
110
92
113
107
143
128
88
109
61
89
76
290
99
98
109
132
233
143
71
236
331
587
136
88
84
91
132
145
81
124
85
77
108
92
98
100
136
95
108
80
84
103
116
122
115
108
109
158
193
109
203
99
203
131
137
179
212
189
215
131
126
119
160
175
94
135
157
137
149
155
123
284
224
407
196
134
118
111
88
107
104
86
159
100
161
137
119
190
146
196
241
83
166
74
131
95
126
98
277
108
219
506
658
349
161
310
303
146
257
525
120
180
275
178
181
340
1605
140
122
145
80
107
88
128
89
105
83
134
119
100
85
173
120
157
95
97
109
146
109
174
114
94
90
82
99
121
102
97
89
99
88
84
72
100
80
119
88
124
142
113
160
95
104
95
103
84
87
90
94
86
102
96
109
99
109
114
202
136
153
95
101
102
161
83
95
100
78
75
102
90
163
127
161
107
143
88
162
136
140
82
136
245
129
199
157
184
124
157
147
227
157
260
128
93
133
96
89
119
96
146
166
199
276
242
344
168
91
95
101
101
87
100
134
90
121
99
120
97
96
164
105
119
101
95
85
86
101
72
109
100
79
84
117
99
83
131
98
138
129
152
117
96
144
78
135
121
114
100
109
102
107
84
170
106
108
82
211
80
135
129
112
80
103
113
126
93
71
127
94
134
90
94
118
123
173
192
144
109
97
98
73
101
87
127
289
108
86
133
95
76
114
114
133
130
95
138
132
146
129
200
131
152
76
77
96
125
145
105
80
111
128
141
149
224
192
302
184
173
83
92
164
90
109
120
131
106
181
155
136
92
112
107
99
141
133
99
87
120
121
83
98
101
128
209
142
359
153
68
84
115
76
107
95
97
115
152
182
89
263
115
99
83
111
137
251
149
112
83
132
135
124
202
111
122
91
117
125
105
98
125
215
128
92
81
77
107
82
131
74
88
107
114
113
85
101
170
122
141
101
97
87
94
124
201
136
151
184
145
197
225
190
188
161
135
155
120
152
127
158
133
137
135
111
113
152
83
79
80
78
161
124
276
84
92
79
89
139
100
72
88
82
101
100
135
102
79
100
129
99
113
97
106
112
107
165
106
100
151
159
79
111
81
162
160
282
335
413
111
99
114
132
105
148
108
180
107
323
1627
133
107
243
240
274
126
180
103
147
363
180
430
223
229
273
214
5864
231
260
97
97
99
99
123
128
101
105
157
177
113
99
93
98
92
86
142
108
105
172
203
117
111
161
99
154
151
248
315
255
205
117
161
103
147
76
103
78
88
95
96
95
107
116
90
66
121
196
227
413
640
344
188
138
107
164
972
90
127
188
156
142
102
93
106
78
114
113
91
124
92
74
179
342
127
117
85
79
88
84
130
139
120
275
347
155
291
327
609
93
110
125
126
897
155
287
237
215
404
1078
94
97
91
122
318
385
94
129
100
152
98
119
75
131
85
135
139
69
159
152
160
86
180
85
275
107
211
210
264
166
117
87
84
64
87
84
89
85
116
81
127
107
79
100
94
111
126
130
153
100
105
96
97
101
76
106
75
160
91
82
87
83
86
86
79
71
96
96
84
93
92
107
106
135
124
119
94
91
61
92
112
104
96
113
83
80
85
75
82
86
86
204
98
198
234
168
163
96
105
81
96
103
120
99
88
83
106
133
107
92
125
115
87
120
82
109
88
82
98
89
77
100
90
108
262
103
93
119
145
110
105
96
78
168
221
411
177
127
90
90
69
101
79
153
77
85
99
149
103
70
154
68
105
93
109
113
96
74
81
111
161
86
188
143
136
74
104
86
94
108
85
90
88
93
129
107
158
185
144
131
125
85
81
82
79
108
127
65
85
70
86
85
92
165
101
86
83
116
121
86
288
173
93
90
104
107
92
125
102
94
110
131
84
116
121
147
123
125
302
171
206
197
317
172
217
287
227
140
103
92
69
85
95
91
73
82
112
109
63
102
123
504
127
144
180
168
123
98
108
94
105
120
150
205
147
132
168
152
111
119
74
104
107
160
105
136
101
83
84
131
113
94
89
119
88
115
169
190
138
166
108
114
93
116
103
101
176
118
85
91
112
146
102
113
95
127
92
93
127
111
102
87
117
90
92
138
135
119
86
82
127
87
91
109
77
111
118
125
113
77
108
93
108
112
146
173
167
214
143
57
108
134
89
87
93
127
100
233
133
124
129
125
79
87
125
72
140
259
185
177
153
129
106
104
106
131
120
112
118
89
85
89
98
119
78
107
192
95
86
88
115
92
83
88
102
87
78
122
95
79
87
95
94
107
153
159
250
195
178
89
113
113
87
130
62
77
73
105
92
151
121
188
196
91
119
102
104
72
61
94
68
103
103
94
104
139
88
88
82
74
102
79
228
134
93
92
77
115
101
267
349
219
289
99
269
213
83
85
74
88
70
66
92
96
95
116
89
96
132
87
81
98
104
112
125
81
98
125
149
91
97
111
95
99
95
102
83
85
77
72
155
117
97
83
118
83
167
172
108
85
94
113
106
79
79
84
126
96
91
78
92
126
98
126
111
126
116
98
129
80
99
86
88
94
111
93
81
128
87
106
105
84
94
70
122
131
94
76
97
180
522
139
106
152
75
117
171
86
121
201
111
164
82
120
133
128
171
129
114
81
137
322
108
133
98
1656
186
170
119
109
92
90
94
69
104
156
90
113
97
101
138
153
99
92
118
126
102
253
584
323
232
111
90
91
124
91
166
83
105
76
127
96
109
107
100
93
103
121
209
448
97
161
437
301
328
142
330
144
155
155
158
168
181
247
120
123
96
124
84
122
119
133
102
154
88
122
137
440
331
244
246
269
291
98
124
150
116
90
81
64
95
103
102
73
106
108
88
349
236
142
130
366
173
88
108
156
121
189
235
122
197
140
158
129
276
273
220
397
239
96
104
106
104
165
126
102
115
96
92
125
115
122
77
141
115
225
366
251
168
134
88
101
139
140
433
241
203
128
81
178
363
137
133
144
115
77
104
120
98
103
106
100
171
162
94
78
109
112
72
100
94
83
130
102
90
87
150
112
77
63
75
108
92
78
110
89
109
93
99
91
117
115
106
103
263
235
74
87
89
120
92
105
133
81
116
110
85
73
85
100
80
81
82
105
84
103
101
85
96
130
97
109
109
104
89
123
105
167
95
88
73
87
82
81
100
126
118
148
129
82
86
110
81
97
116
172
109
122
105
114
176
146
167
182
131
280
123
291
139
159
157
106
206
215
202
71
120
68
100
103
82
128
147
119
125
84
146
103
100
84
73
131
60
130
85
103
84
90
127
108
80
104
86
106
87
154
200
144
154
117
122
82
96
92
88
79
119
96
90
98
96
96
98
72
88
98
69
91
173
291
128
139
133
87
77
93
139
98
133
153
441
131
158
112
137
108
76
85
100
81
79
95
98
118
137
111
94
76
84
84
96
65
91
145
371
286
103
119
180
559
508
382
396
1735
94
121
137
182
124
133
108
95
149
89
161
231
107
114
91
112
98
159
129
168
243
96
96
99
108
124
80
101
99
142
138
121
216
150
117
113
78
73
110
89
176
224
124
115
107
98
86
101
336
132
123
127
134
78
128
87
193
125
89
103
88
89
109
115
107
83
84
125
99
142
80
104
189
204
100
146
102
123
99
365
191
102
103
104
81
68
80
84
77
73
68
82
117
96
103
91
86
107
85
134
147
109
106
97
155
85
99
86
87
102
118
107
75
162
207
176
883
158
186
146
169
76
169
320
98
118
105
93
77
86
99
98
115
126
139
108
129
167
84
154
356
270
114
187
81
108
199
127
131
131
103
142
116
107
148
129
84
101
78
109
101
125
90
124
58
78
84
99
88
128
109
109
118
101
114
102
123
130
78
98
93
103
91
94
95
1287
85
99
88
74
85
101
114
102
77
101
89
88
120
118
100
70
167
123
88
76
99
100
148
129
191
113
100
80
93
72
71
62
97
109
73
69
91
110
197
121
133
221
72
90
82
59
84
119
87
69
81
68
93
99
138
131
94
116
76
108
95
81
94
129
83
112
86
165
96
159
128
128
165
667
128
132
116
159
120
244
185
124
94
140
93
146
122
135
132
144
98
126
150
118
98
105
156
100
104
93
96
116
87
116
121
125
172
95
225
111
99
112
107
103
128
105
131
107
107
107
139
148
85
87
77
60
93
78
105
80
113
69
118
69
80
100
80
121
79
104
106
118
76
92
181
146
115
153
118
122
1008
107
124
135
105
94
83
110
95
90
92
107
83
101
91
111
101
78
87
87
80
82
72
113
111
78
91
71
75
119
82
117
104
91
86
101
99
71
117
88
92
77
106
154
154
117
92
68
89
82
82
75
140
120
86
88
86
96
134
79
70
102
98
94
100
92
121
60
82
112
80
93
119
116
97
133
137
126
101
88
78
184
391
396
172
103
165
331
80
89
87
87
84
66
71
66
85
66
80
68
73
95
89
97
114
447
185
449
455
410
566
393
264
261
176
106
84
106
108
115
101
121
377
216
307
98
170
162
349
279
250
129
409
261
166
1031
209
155
124
110
112
119
112
105
160
315
140
195
122
111
212
183
269
275
334
130
164
86
98
311
229
376
433
224
160
124
87
200
157
196
180
122
132
224
257
157
122
133
131
152
237
279
209
223
489
248
132
128
127
152
268
191
195
221
313
611
205
127
82
76
95
113
108
147
165
105
99
89
169
236
99
225
152
143
152
177
178
224
534
93
473
297
117
96
111
72
108
102
194
146
116
92
322
515
133
102
163
188
88
126
280
194
195
828
226
143
114
111
102
216
99
131
191
263
285
252
112
124
92
82
91
79
151
108
143
225
122
149
891
213
149
143
137
148
90
188
225
246
1227
242
177
104
125
173
157
131
191
176
1001
249
239
141
96
148
107
83
107
158
732
282
191
131
134
213
131
105
140
131
424
544
210
148
115
113
142
156
228
232
503
729
230
157
114
124
135
115
121
186
151
183
487
323
156
160
108
185
107
95
115
105
95
333
306
144
147
177
152
93
97
91
167
246
576
125
124
263
141
177
102
144
93
155
113
76
108
452
84
305
309
125
150
105
93
118
90
163
116
109
131
437
143
131
71
140
107
180
258
108
109
197
396
197
162
153
150
176
100
205
284
195
171
142
189
226
211
255
355
156
135
204
151
130
282
199
95
255
302
175
123
127
130
166
105
119
359
421
205
549
222
130
152
119
118
97
105
168
275
175
153
83
93
104
93
99
67
104
68
72
123
76
114
85
74
101
114
91
90
112
104
90
104
71
275
130
210
108
135
199
209
182
145
201
108
112
75
60
75
74
72
67
85
64
95
134
120
118
83
119
85
88
79
88
63
131
91
140
118
116
151
105
159
93
136
144
124
82
73
93
128
74
83
90
138
98
162
81
158
161
83
415
154
118
96
113
131
83
88
73
79
71
64
104
99
82
117
69
95
85
97
131
105
104
119
105
112
151
116
99
93
85
109
105
99
124
109
75
83
72
82
90
114
60
120
112
122
117
83
167
132
128
121
151
130
116
108
111
81
99
73
88
92
85
108
68
134
138
140
156
118
107
83
98
129
79
160
107
213
87
166
105
149
125
163
128
100
264
107
86
127
90
119
86
96
97
110
89
123
100
323
149
143
144
148
119
221
157
177
175
165
107
114
90
259
273
152
84
100
95
109
73
85
97
90
90
80
65
89
134
106
134
135
126
107
109
134
80
104
91
61
73
81
100
88
94
93
108
110
86
114
72
92
124
183
164
195
115
61
76
65
89
119
85
86
91
86
160
151
144
76
127
93
149
142
132
238
190
98
155
103
154
93
206
138
170
113
85
120
155
127
102
69
84
93
86
218
177
277
184
434
84
82
148
78
66
115
119
170
147
97
86
91
130
128
103
91
80
85
106
113
99
83
82
73
68
85
72
87
66
69
82
114
103
118
115
320
154
99
119
106
111
90
97
103
76
87
107
71
103
107
89
84
91
85
102
95
113
77
84
74
73
75
107
176
134
123
110
154
68
129
96
88
125
111
106
99
122
90
99
152
297
125
188
294
485
1393
127
158
98
97
98
102
101
92
115
103
111
96
131
131
87
98
84
379
120
420
103
625
673
1842
221
142
310
119
109
119
93
91
158
252
105
128
211
223
222
164
118
118
100
113
127
223
313
305
124
88
159
130
108
76
159
314
142
155
267
145
95
92
113
84
124
85
89
96
92
87
72
91
133
92
73
97
103
239
166
103
82
107
143
75
74
78
106
181
76
105
112
153
137
118
98
101
149
167
1060
154
124
109
95
107
110
152
311
132
279
151
234
137
263
261
158
288
210
148
101
127
226
208
152
150
133
106
225
149
189
146
175
243
132
181
146
129
106
107
96
340
123
83
127
118
142
105
172
128
132
108
124
77
119
109
150
189
135
169
117
85
97
109
108
126
73
96
90
235
127
123
97
91
94
98
96
81
100
67
101
82
81
140
100
92
121
107
138
136
131
93
117
99
166
91
124
136
113
97
183
105
181
109
152
288
394
88
120
82
87
118
151
81
140
119
130
93
163
124
140
181
344
96
437
137
132
88
69
99
78
215
161
76
95
143
135
117
84
149
163
160
118
72
75
91
120
88
88
91
76
86
105
73
108
100
114
159
259
108
94
141
149
72
97
71
153
318
246
144
133
226
141
143
93
256
323
234
135
97
182
184
98
99
101
127
116
112
171
130
150
200
350
215
121
117
240
142
107
120
118
151
141
136
119
110
69
109
180
126
65
240
175
119
128
109
75
130
73
118
104
111
106
127
454
421
110
158
74
90
66
98
78
79
84
90
79
77
93
115
104
98
126
94
220
75
72
89
115
132
134
117
155
78
80
85
78
84
93
87
86
90
117
79
96
65
153
83
81
70
86
61
111
78
94
120
160
103
205
224
131
194
83
112
94
74
79
121
80
104
105
82
195
167
144
123
72
106
81
109
130
247
156
79
127
126
87
93
105
92
121
122
69
71
305
223
77
97
115
70
67
105
84
67
81
95
62
82
60
112
82
92
92
124
81
64
91
79
65
92
59
64
64
85
92
120
136
81
81
99
241
213
94
165
116
103
65
123
130
72
129
76
249
131
237
125
124
115
115
114
97
102
82
73
86
96
99
101
166
164
102
85
103
93
89
142
84
81
110
102
97
89
159
172
117
123
120
143
107
98
84
83
222
129
126
66
77
79
94
90
106
97
101
79
90
98
59
137
70
90
158
138
144
91
75
92
80
91
76
79
129
74
111
102
92
131
85
107
234
124
125
179
192
163
96
109
483
105
94
93
116
96
101
82
83
72
85
85
178
119
123
310
172
167
283
174
147
102
136
128
139
185
141
146
132
159
143
64
94
81
76
105
118
119
106
96
124
151
155
158
245
130
258
193
196
99
80
135
99
91
88
120
104
402
377
105
130
71
98
102
73
106
70
92
81
63
86
139
183
127
80
88
144
279
188
74
447
574
1675
90
223
100
168
104
92
122
107
85
102
91
121
87
76
113
96
106
109
100
97
104
83
85
73
101
80
92
94
79
87
98
114
115
100
137
104
101
94
89
84
122
325
250
136
70
179
110
76
127
72
67
114
135
79
85
58
106
83
88
158
161
112
87
107
160
178
174
169
181
173
102
76
116
121
204
115
112
109
87
77
72
127
92
85
88
107
102
182
280
103
160
95
95
102
81
90
83
83
99
80
72
92
82
108
145
202
127
152
298
136
201
109
97
67
116
74
124
121
139
132
159
403
98
179
274
62
91
122
88
125
105
72
75
74
94
94
144
184
94
293
130
96
105
88
155
155
122
123
99
74
115
118
77
80
357
194
233
156
106
140
100
130
121
84
137
127
119
91
89
127
78
114
114
94
123
164
602
189
215
131
133
145
209
124
105
98
79
245
399
185
119
74
103
128
84
74
76
116
88
88
125
93
99
104
104
116
71
122
110
78
96
116
132
115
135
118
101
128
88
94
133
145
90
125
102
151
141
179
177
118
103
67
102
106
126
247
148
174
156
124
220
338
284
257
240
203
116
206
133
166
247
119
168
121
130
94
144
127
154
272
426
203
721
170
104
105
122
100
141
121
90
124
78
140
164
154
57
85
74
75
101
58
83
91
114
176
86
82
87
74
83
108
94
103
118
92
136
89
90
64
111
80
75
84
89
93
120
130
120
120
100
96
104
117
89
124
79
91
90
167
112
139
165
182
112
118
131
96
102
109
79
99
94
102
138
151
95
63
97
95
95
94
127
118
98
111
126
124
124
102
91
77
65
99
162
98
59
71
66
78
112
342
268
93
79
110
75
117
96
126
124
120
99
206
203
245
156
76
99
68
90
78
74
93
91
188
139
78
79
173
121
108
85
74
102
792
110
141
107
103
147
91
141
125
122
96
105
384
86
80
65
99
103
82
105
83
84
136
151
105
186
67
95
74
95
94
68
108
106
121
113
199
183
232
198
206
189
96
94
119
103
102
99
97
106
99
202
86
75
62
73
65
105
120
93
92
71
105
82
82
78
136
88
67
73
82
70
80
75
108
71
87
75
87
345
79
91
111
122
69
98
81
88
64
120
131
85
73
66
132
112
91
75
74
72
65
91
96
101
80
74
84
100
76
118
96
180
98
124
88
80
90
58
67
73
82
96
95
157
260
110
165
184
181
105
120
120
84
81
84
101
91
84
124
120
129
86
106
171
99
86
125
172
95
171
136
70
92
99
66
133
105
87
89
75
94
137
88
129
70
73
84
110
157
136
130
129
188
234
272
209
148
95
150
147
261
108
194
203
157
86
97
203
123
115
122
108
118
189
139
82
85
93
109
86
130
103
130
128
129
102
90
123
143
128
148
179
151
152
115
106
103
106
112
73
123
129
182
126
136
98
106
202
136
154
87
68
101
131
93
113
73
63
76
126
93
97
112
299
146
120
121
87
112
235
97
148
85
139
85
148
108
132
74
1493
146
109
99
101
68
90
68
64
83
105
78
72
69
82
77
99
101
85
120
130
74
112
106
106
102
106
138
159
68
92
111
172
103
92
90
102
145
94
92
131
88
75
115
270
112
142
116
96
104
125
146
90
108
105
102
127
85
214
513
210
130
151
73
136
209
113
108
98
166
124
97
121
81
108
158
66
74
69
57
65
161
104
87
166
102
94
142
134
95
66
82
75
84
64
76
57
107
97
90
96
160
160
129
99
114
76
137
108
103
105
130
88
115
142
149
96
105
94
140
195
198
305
160
321
154
82
73
84
98
152
211
158
115
97
298
192
452
120
294
151
348
298
543
324
220
162
108
116
100
112
156
91
120
141
139
160
118
99
115
253
143
333
159
93
727
54
109
330
127
75
90
95
64
82
100
57
95
76
72
100
126
96
87
79
89
153
149
235
233
150
84
83
98
78
72
80
129
127
105
130
184
103
83
157
264
242
179
158
118
74
157
79
103
132
99
91
119
79
118
141
122
96
265
286
399
565
557
1869
424
204
81
147
71
116
137
128
98
69
93
148
203
247
113
240
97
167
122
105
92
68
95
74
85
145
173
99
94
110
106
95
87
105
156
61
88
121
120
106
76
93
105
89
163
110
235
121
129
99
73
73
137
87
86
183
68
96
74
94
96
76
87
84
99
100
94
76
181
174
92
174
88
77
105
100
127
91
76
78
79
74
81
85
76
82
211
179
141
115
114
100
133
320
390
320
243
179
107
75
76
109
75
99
70
90
83
69
62
136
135
168
112
91
368
139
111
119
112
86
112
112
113
123
59
78
63
71
53
94
98
95
70
85
111
491
246
97
177
237
280
99
84
89
262
149
256
208
231
300
225
236
181
240
187
130
162
550
563
309
324
218
118
157
701
567
125
141
106
98
182
366
106
282
299
389
219
215
146
183
138
140
536
202
193
183
193
265
147
91
52
75
95
89
221
244
115
89
64
84
105
92
108
120
146
91
82
107
197
133
142
136
94
121
130
119
87
80
72
84
94
64
76
73
67
69
71
80
104
87
81
93
82
79
100
78
80
93
135
108
85
81
103
117
78
66
121
78
75
82
290
148
127
61
83
72
66
66
89
103
99
102
87
82
137
97
142
87
115
101
92
70
107
145
114
128
102
60
78
60
112
95
79
77
71
95
89
100
92
75
99
226
76
60
84
98
93
82
88
87
85
107
80
90
74
76
122
101
92
65
86
125
127
74
91
122
156
118
75
76
110
85
105
1044
113
135
141
88
135
357
182
329
155
127
114
153
62
135
87
84
184
100
145
159
97
389
239
156
108
335
179
111
114
76
135
59
66
100
59
72
147
101
101
118
119
109
75
108
164
122
104
74
66
146
246
287
150
146
199
181
296
157
125
90
119
115
110
108
142
95
104
97
101
72
78
98
97
108
119
112
116
128
110
134
106
154
77
103
118
120
91
85
140
108
76
125
96
111
84
88
116
135
121
150
187
120
81
81
78
83
83
144
71
79
61
86
136
64
92
108
114
117
107
127
81
104
82
92
52
84
60
86
82
194
143
119
74
92
83
72
96
67
95
97
92
101
80
124
170
145
69
84
128
132
105
72
79
73
91
104
54
89
119
82
77
76
56
120
58
65
50
76
66
55
74
72
93
108
83
77
65
82
70
175
298
106
75
100
85
71
80
84
86
160
110
71
60
101
80
149
134
163
74
89
79
89
71
131
114
87
286
214
127
169
183
117
66
178
136
67
107
89
95
89
112
113
80
107
176
93
80
86
106
99
92
72
116
270
140
114
137
93
86
84
98
84
161
160
142
232
260
155
592
641
433
186
86
83
93
86
97
110
103
126
95
97
80
119
106
105
122
118
150
106
82
71
66
121
105
98
107
80
97
82
123
87
64
93
104
95
66
112
80
63
87
102
127
131
401
141
250
215
145
202
167
153
148
162
201
106
206
80
95
70
71
87
179
138
183
111
71
115
116
152
129
161
179
318
160
89
118
100
92
150
109
98
107
165
69
67
88
309
494
180
140
84
66
70
64
67
77
93
93
84
187
92
97
139
76
83
83
80
76
93
131
178
249
171
127
134
88
93
103
133
183
88
222
182
168
85
78
87
114
137
102
81
62
66
82
131
138
131
105
128
112
83
79
91
90
107
95
73
52
86
101
61
84
112
86
110
109
109
104
88
116
194
231
132
112
107
79
148
86
53
106
102
79
60
104
150
138
147
138
134
89
105
79
110
90
66
69
96
156
92
70
86
88
76
108
119
67
68
70
68
96
74
80
105
94
95
295
147
76
81
67
73
91
106
89
88
72
72
83
75
100
60
137
160
331
132
116
169
83
102
78
216
80
88
62
74
88
95
74
66
120
84
69
106
78
71
89
94
82
82
94
95
84
326
126
116
137
137
81
127
73
90
137
116
109
89
86
75
89
79
110
88
85
80
99
95
86
62
83
74
82
94
70
70
82
73
95
62
70
89
83
76
77
106
137
110
70
85
118
148
122
77
94
103
66
85
73
135
99
103
62
78
67
72
84
77
85
70
75
69
111
86
130
58
80
72
80
76
91
99
81
83
79
60
79
84
83
90
98
80
88
89
60
156
120
89
65
71
127
114
95
114
92
76
112
125
94
73
75
85
80
97
104
73
103
91
264
115
67
74
63
66
115
101
112
64
70
60
82
68
85
107
61
116
113
90
114
96
75
135
116
235
120
215
142
100
95
91
60
92
92
73
85
101
64
100
108
90
89
75
71
67
60
80
55
55
110
92
75
132
130
130
103
92
93
50
77
78
69
66
58
105
141
101
91
121
83
81
140
89
80
92
94
319
133
715
396
100
62
96
60
65
86
84
92
120
67
84
74
68
85
81
96
83
64
64
101
95
81
94
79
144
109
182
98
79
62
57
133
162
86
78
65
55
150
452
166
98
97
119
72
88
127
130
108
92
82
82
121
67
73
79
199
237
123
87
66
110
119
61
113
108
103
96
84
138
107
107
88
99
112
91
102
98
153
325
192
136
104
116
94
95
143
138
127
164
89
120
224
143
129
107
152
123
114
307
261
164
159
134
137
321
118
112
77
82
81
68
69
68
58
61
78
74
88
106
140
93
71
64
71
79
72
85
74
290
136
99
80
65
82
146
80
100
132
941
164
114
93
148
154
159
141
107
63
146
91
92
80
79
99
73
100
92
125
133
79
102
73
101
83
75
137
176
93
87
68
106
78
99
99
132
124
148
78
90
117
93
86
414
73
120
102
87
93
90
77
169
119
102
100
70
105
69
137
148
83
93
272
294
103
145
106
180
111
116
125
254
2888
134
75
54
71
90
99
507
159
88
94
64
109
81
96
71
86
68
65
57
63
109
71
85
73
83
109
98
82
132
82
109
97
110
62
65
68
88
89
76
66
82
89
102
92
90
71
72
156
175
602
67
67
91
71
77
57
103
71
86
77
64
136
86
59
85
47
59
95
66
81
76
396
99
92
94
85
108
63
59
76
73
119
60
102
87
80
85
141
145
90
90
61
171
88
98
78
48
65
87
67
108
97
135
83
84
88
73
58
54
92
82
70
93
136
81
86
174
88
80
138
150
77
92
120
78
100
79
128
67
104
81
87
136
133
96
163
94
131
85
112
114
78
57
69
72
59
75
109
82
73
84
71
66
137
68
280
75
95
89
89
67
85
249
102
109
92
88
76
94
84
127
350
66
93
63
81
82
62
99
133
107
236
105
93
73
88
78
73
126
51
75
96
84
121
105
75
203
92
74
115
112
97
82
101
88
64
105
76
117
168
133
124
107
103
78
72
67
63
122
114
110
87
174
166
73
119
87
128
84
281
106
73
75
96
91
113
116
112
71
75
71
85
110
68
68
84
62
80
95
86
73
94
87
96
89
100
93
80
73
57
152
96
99
57
71
112
115
85
91
73
81
242
131
117
81
150
102
160
125
145
87
84
64
127
58
89
79
93
158
70
78
68
107
85
64
69
78
77
80
131
180
85
58
62
82
100
91
80
90
83
89
83
76
88
110
78
75
87
70
82
135
99
94
203
122
90
155
80
82
71
65
117
70
62
63
72
109
90
71
88
84
79
94
65
75
66
95
92
95
96
104
102
63
77
127
193
116
140
67
78
63
120
77
135
113
86
71
66
82
87
56
88
85
74
95
80
42
78
139
78
80
83
110
178
72
88
89
90
89
109
73
76
86
95
143
69
93
55
83
92
74
81
71
99
108
79
69
262
108
96
217
185
109
131
87
68
64
104
118
103
139
83
110
68
91
97
89
144
204
143
108
81
73
80
66
91
180
272
184
110
296
265
147
103
89
93
87
94
128
132
97
192
104
253
118
140
389
4920
221
295
130
324
123
242
160
91
160
277
194
128
103
111
156
254
300
127
251
121
430
469
238
158
202
152
171
88
145
92
86
79
69
85
82
70
196
106
129
188
407
169
161
81
128
82
96
81
72
78
71
93
61
65
67
76
53
63
68
73
62
80
92
104
69
82
70
58
65
107
55
120
156
93
136
77
94
60
86
78
69
65
78
69
74
65
65
71
197
266
135
122
125
72
78
109
82
74
80
88
89
92
90
90
117
55
80
79
78
69
56
53
61
71
78
70
87
58
58
72
94
114
112
87
88
88
163
464
104
128
126
153
69
65
149
84
109
148
103
87
111
78
47
63
76
93
84
78
80
95
131
84
73
72
67
124
69
67
69
111
112
102
127
86
126
82
87
72
111
57
88
172
99
73
68
68
78
158
64
64
91
152
101
124
264
686
317
126
96
79
130
64
78
60
70
89
99
151
122
66
137
100
71
154
183
104
79
79
70
68
68
79
77
86
144
73
66
115
102
88
92
104
103
81
113
214
88
111
89
72
98
53
87
63
56
95
65
81
84
92
79
75
88
87
60
86
69
66
86
74
69
81
62
58
99
94
83
75
73
71
123
82
125
126
82
68
111
67
82
183
155
168
150
81
100
122
80
77
74
65
110
133
129
131
84
98
79
68
78
129
101
167
117
86
135
162
143
71
109
106
724
213
103
101
150
133
91
92
71
63
73
119
98
193
222
87
100
115
99
126
108
172
93
93
85
98
75
118
88
191
105
138
119
84
68
188
65
66
122
91
110
127
115
79
109
81
94
141
91
87
54
87
60
71
97
81
104
97
113
330
71
87
84
64
65
69
61
83
67
112
78
74
119
130
62
81
183
86
104
87
96
119
147
86
127
88
94
86
184
188
147
77
72
129
115
139
1857
347
74
95
84
75
68
125
65
80
65
77
118
125
78
61
98
82
72
59
83
83
91
67
77
106
182
103
75
71
63
69
71
77
64
79
71
79
55
63
69
66
75
208
123
95
80
107
124
127
146
101
120
102
72
97
88
69
66
66
86
80
81
58
79
185
96
88
66
77
64
74
66
87
126
79
91
72
81
102
82
86
66
62
84
71
140
191
107
152
137
294
263
506
125
85
154
80
105
88
229
169
110
93
302
108
1436
83
84
85
100
135
156
101
75
65
78
110
93
89
65
141
64
60
60
77
89
61
121
133
680
191
259
150
84
128
82
75
57
82
89
74
95
88
84
76
59
191
206
142
113
106
127
91
97
67
82
67
65
92
90
68
72
73
78
109
78
76
108
106
90
83
57
63
87
101
99
89
62
64
80
83
112
135
215
106
73
93
96
91
73
91
71
53
111
66
84
72
71
119
86
69
72
79
105
79
100
89
60
74
85
97
182
102
70
86
104
155
82
105
154
107
107
127
121
115
117
83
59
132
71
187
92
88
70
124
221
264
143
91
78
96
128
71
55
91
118
74
69
83
74
82
70
82
84
243
119
100
80
56
64
83
81
93
57
82
72
77
160
181
82
74
91
133
120
112
215
271
110
107
325
203
109
228
241
130
279
326
601
305
135
133
153
113
148
130
117
99
90
173
196
188
530
141
139
161
114
108
113
131
582
206
106
122
73
75
107
66
106
96
73
89
97
98
175
92
205
170
101
56
62
70
107
116
76
132
192
105
90
184
147
206
235
526
84
209
364
185
130
129
68
106
86
65
67
76
53
188
70
75
93
59
74
66
94
72
112
92
67
107
86
102
78
78
70
63
70
81
84
79
79
125
87
289
245
121
96
114
82
75
78
129
76
67
85
92
113
62
63
82
76
65
116
117
100
193
98
78
98
126
119
128
101
161
104
371
92
74
83
98
100
113
84
124
90
108
114
139
107
105
350
210
90
74
91
89
96
112
99
97
118
123
110
161
232
68
115
100
132
100
96
131
92
117
2051
133
95
130
157
108
89
64
213
104
112
192
265
144
85
84
132
74
103
70
89
312
124
69
75
119
71
62
56
84
77
48
94
110
96
63
82
59
95
78
73
67
65
58
76
64
111
97
175
211
69
91
86
65
59
79
162
140
332
499
143
210
141
446
520
294
121
361
308
218
133
126
170
140
94
71
72
89
187
280
118
156
107
427
140
119
167
103
117
79
75
93
102
100
143
119
74
65
89
63
181
142
104
84
52
84
90
72
78
94
78
63
63
78
94
84
86
50
65
75
93
118
110
117
484
119
127
111
133
92
69
125
142
99
114
90
125
154
110
141
141
201
127
69
61
90
86
169
89
83
114
92
108
66
88
68
63
77
73
102
76
71
84
70
61
223
102
108
90
71
111
81
127
130
80
92
100
96
114
272
215
143
128
89
110
106
122
186
163
221
183
141
102
236
159
172
258
137
236
163
86
79
110
61
80
78
64
73
81
96
155
204
795
274
103
51
203
126
188
219
254
219
87
144
107
102
117
76
116
92
94
90
128
88
169
88
53
88
61
74
185
100
45
51
64
74
72
80
75
119
150
62
83
82
82
85
97
70
88
67
84
77
102
98
82
134
83
71
101
193
100
156
159
2137
163
130
182
97
449
134
150
79
71
83
76
83
83
113
61
180
101
94
85
102
200
145
292
112
90
120
166
109
75
77
127
89
138
118
126
114
322
98
175
87
92
93
75
79
63
133
76
108
65
78
87
89
84
87
79
60
86
76
82
123
119
120
100
81
83
91
84
59
66
81
96
121
78
96
118
119
122
69
47
61
77
109
62
54
71
100
62
84
90
73
96
70
89
79
82
83
80
92
122
120
108
109
170
166
102
587
148
96
75
83
86
116
82
140
